$ANSIBLE_VAULT;1.1;AES256
36316331366636303336346431336336386530323836363638363134353238666362383766653731
3136303232336132383763633637643633336364373634660a646235383265373566366137623831
39636235656138303834363035363034306265636531616164326536306265613861303632633531
3733323233323065660a323435353865393836613437393066393630623065376465363566663463
61363765336334356333373336666361326133643565343132323935343135306664376637333333
35653433366639343330653131373336613137383937613564356432646138343564383332656364
63663234643630363835343832353265316138613038313434313065356235383662363961663335
66623161306534663562316666393738383066363561646264383635356661393666613632386238
32323835333664376330393764323537353839646661643631336637646330316162333561393664
34316436343933336163323061333533643466343734343061643739323633343863623364646537
66303137633532613839333164373935356531653638363664373666306364326537323766303964
32343238646530656262343335326335333261363035643730303836323530366464643830306464
34363763373437653762323538366365386634303963303637333231373330383234656661646636
66323333353664343165613132343330383765646431333861623761346664643031386332316566
39393566396436643963376536633436613761333536643566373162663632393437643132623266
33373136376130343536303137396166396435636163663739373361313333373233653666313336
35376638393838323936393338656239376666343131663532626663626164373737376662643630
63623064396662353738366231653339636632363433396365313138613336376164323235323232
65353565626466333238353834396365643033613061613530666462626664646338303063343762
66313938633831333162633161366466636234623965663463613932646431363531383131313464
65396139653831353030373864316632616537613663313835386538333362616432613864623139
62623731613632333332396332623938663064393363623534396262656565633938366633336637
35623532333739376666393561626539383038613739363264333465363363666236366235623464
63363932383330383263336366653761666164643136613363366433366136336437313239356263
61353539303836383436663966343532636163376334636430316238333565346531633264363366
39373037373432623966613861323539393463396231333166353566613565616632623439393166
36333138623939646631336263303135303464366538373766633332383831306639333662636235
62623531326239363538613663376639366437313436363162366662626462363934646636636231
38393337346361623733383063383266393565373165363266346232323061393462326239316330
33323062313964653466613061646334356462666336323935666139386635303463626166303465
34396233356430323434623238653539633364303665636364613762306566323730623663663863
38616535653134313531666564376331383763353138663832646431343138346637353234333232
33313332613538626336653532633637333933343334313633396264306238343664636466383330
36303261356566656264643065396534616334343030653261363430653331383935663465396436
33643766316465616336353431633135333239366138326462653735343563646663636134363362
61363630303961306366613935656638303762323865633736643466653330323562633166396635
31666462333335636564663039313630376161323533666239306566303466343133346133363138
35656535623033333463316161613835383661653730633736363630366130636231303962393531
36353136643838323834383762316162633939626138636536363163393563326464323434313834
39326530386266613935636532653733633663366234393733356439376437336631613162373262
63306266303137653335363563366134633761316237326233313637643131366534326664386335
61616434613830653435353037343636343965616232346466666534386263613731636630353539
39336266336531343133343831616138666562343836616331643765656439666439373539366633
32396332373537376561363539623237333930313762333366313363343937633964336338333833
61666135363135613364373836333265306631323766306439646538353531393764323639626238
30323062323935386164626431396664643831393765393135303562373261313638396562313435
61393537336535393035306138616166313534663865666337636332306535336434316263366664
36343064386639383031393961373161633966353730306631613232653261643861326666343366
35356332313261333338326632623838323066623236636434653236373966386534623964383338
62393638353935363762396234343066316262663563336562656562346534666538633037613231
38386233366661356465303033646466323065363738333535636462613636643862653734386233
38353562663937393566643235313039323263366561333362376534383565303238633930366162
32376232643661386563643430643238333461333931303733646430366362316230303733343833
63613731363439383131306534663834303639626662316638393630336132613938323963646131
63613637613336643665336363376563306137646236643334313538353435623634373833656230
63623133356137643135626566303566373432626136666263613765643434373935656435376338
30363932323230303130383563653366343636316562646465346636353365343266386436383931
66346463653132383464363266343464616139323537376265326634623231653237313438303934
36646338613231663137316539323731643766623432363337303961303939313836343162313362
64326434333936396162633762366631336238323262326230323430316262636666383961383234
63363838336361656666333637613164623434303264366238653534623732396634636139643838
61396133366461353563383761663933343138396461353433363538343763353439616532626162
39343566643434313261636130623838386139356636373232356264613839323836663361343731
64396632326564366362363436313664373461363931643833353334393739613965653430353431
31373163383065663137646634363936666530613463643536396365656431386337353435363735
33663037363663656363353762333966626337363365333336666465626661383836306536303337
38343932313465383736336637383561383965663461386463323731366537383861623638646433
39626436316137303565366234373635373335636337386634633761333531373532393666653866
61383138366239363262386161313362303037363737306130323762653665643434353961313939
39306637646361613031613363326533346461346232623934383261393138386131333134656638
35326435393335653730616532663231656132363538656164386133646532623233346664383130
62313238356538366233336135386637323336353938306335616261646565636461666534643035
34626634343336383361626462363136313364323162366663653630626231666339383332383438
36666563346162306564633762353665353532323031336631366537666564333563343339343262
30323065366431353033323133376563323338353638626634623834363766356365306333633436
31343531343238616230373538326236396630306261356330653536383132313337663535326632
32353165653631663933326439323934653330383164306434313837643765306164393462373362
62656535343164343131343764616665356465376331623866653865316334646564353537633163
37313033363837373136363234383262326633346663336666343138313930366464323931323132
39666234613665393162313635346633386562383363356635633035636338613934356637633136
33643361386363306231333431636235333265623737333065376666323731373166356535343933
36656131366134343965626231366335326336343731306336643435313466653163353034363866
34646361613439643935356163613731376662643538353133353561333762633462393834383434
38353030643430393461616361363938666437376535303663373837313831653864366362363561
63343138613033303635663464396435393335666538366266626265373938393661356132383233
37373566313936613032653830613437613731653864653432303134306130636538333261343666
34363038323163646135316265663237363462386132336639346232646535393962303562633731
39316533663437613732336564336133653565376336303435376339333861333833633431313338
39333465656330616530373033376662313835613735393234623565323831653966656130333036
31313930623164646530336137643733613361336335653864613937623863306262666631316535
31343335346138636461653665663134643631613635623766363664366638626234643135363064
31373261363035396439326136316637636261643331323934666366386237353735363534613032
39666537313634313538636266633231663763616638373836336634333239363566376535393530
37376263616231326232393362336662616432303936323363363337333134643961613261613733
33636365396237616362333965633034373866616336373363616539303834663665316530326565
61396230323564666666646437366564366264346139336235303137306436313066373139616432
61636162373635333662323039306162333662613536653835613164393435383230623231636631
32643732323835663666616233393834653338353639323936666638376239383666626533396638
37313265626234303039393762366230303231643735313135313331306362363632363535633161
62333339386166316433356431336635656231393661396666363835316235613934363164613166
65366437326334613361653735333265323934366333316433646536333363333765336236643837
64346332643066623333373364376665383033323737646534396439646231323130663064663037
30373339613333626332663338333039646437316439643138326462363133323134313133343338
35643237653036396237623130373239313265343931343465633062326234393136636531373639
65343938376333613138393636636339356338643036316638646531626533363930363038643264
61313936303538333832663464613731343261376466393831346335663235636163643563653335
61633130326166623232366166366365613630653263373931633563366132663462633265343866
30313061366361373866333163353138353165383337323333636231653532363834303630613436
38313262616232313862353265323966363565313030393734303262373139663530356533383735
65303033633232383433633935626335666337663436666263393237633863366165373239623062
31393137663636363235656432366237306232313166356165376165396236303530623234613037
34643036323636653732383039323134656632323438313461366332316665303337666464353161
39306234383161373766303763366437313132376264363537393639323432343361303839343133
38366639623461636535303730333130623339376130343230346536646662356230343138323961
35646338363532653931336137643838646239663365343133323261326139613137393765626264
38666262636138383961643137373761343733386236353266313839383331643930346239326365
39336139333638303537616237363664333164336639323061316266363130313231343437663533
65373164636461353239633665396265376231363137396439626437653366343164396639333463
61363365623034643862333039363936623732613264303565383765653234633862356332333032
66643164353662326162366236366361643836393531633233313264646265366236353465663734
33633161613932656264653635643830383139616339626531626236656334313662653737633539
63623733613830353563306330613030323661393561333839343130383833393166386535316132
63386331363036383835666262626136383334623730373334356530313430306562626366623833
63373536323635313333613462316438383931326536326536396261623838376132633763353262
34333833363739373134303763633764383530653630333536366537646561663535386336666234
66363338316439313437643534376337323761373038623738306236666630313130326337376630
38363663633337303336303439623334396261373161323233393562336565313134356638373161
61376465323438343832303937373035663139313865666632653036343965343663343535373164
38363138633765346631393763313939623862363532383966383734613731323262323266666631
66313731396664393066613433613362343264663961376634663065643738393962613636383239
33323334323334303963386235373839393962626237613531333633393435376237636663353531
61363239623834333833303937306466653263396231306339346662613332303539613634333339
32363034396136613130373135656631396438363637376136373931326261613564623139623533
39326164383262653231356232626165666139613433393739666531346335396532323039646465
30663931316138623664393661373666383063303962643362396536633966613736373837313463
39343364353361326266313236383566623036363963393862636464633135323837643133653837
33633131363330356235373062396631346364306663316365616337373036646364353035393732
31613633383838306664643434353636326462613731333435353563633237386237663964623339
35336466323463323564323833353437633232343437363037613763366335653064386263323761
63313132393930343466386235656133333939656435343936393765366362303331353261386565
66326263353637656465323838363865656232646665333931343162333731643366356263353633
30336266383834623537363963623464666262386139666262346330316230643266636534393231
30656164333036613432616135626435376139663266343434613861393930366338653031343763
37393533663761356238363562643265653938393836393461373165343661626238353663626638
36363539363334393731656462376165313662666539366463656231356530633035333534336438
62323032626661353665633364616261386136313533376664393038353536346264303230386434
39653138633365316630373566373763316637333564343366613739333364353635323462356533
62616438333165663661313230306461626436393134323466323733366132376438623132336466
38343063643439613738643233326161356430373937306133366666633864333332643664383438
32376532323837643131373335323866333961643166303330666261336430326262646161383361
62663239643632326264343131656261336366353530343631616333656530653562366637303463
66643637366463396562386633356335663830663461633236336634366565393361373437323261
62313733313734616633356536633333623164343636643738623435666235383939366434346666
38333562623362653434373536316165333335663234626234363865613766316238386466303534
33613430653666613161396465663361316263333162623934616662666266346435333631316562
34386463363135653962373333343630373033373630396238353861373532363038303939376362
63393861323731313035663133356639336533383365643262376636326339323637366664313938
61613830633831363239333866316465633938653239313435373738303832393464303131623461
65343936353230333466326336363330313337633130373931356561313461373639363139373238
32373232383933313639613164313031363963636163353761643836313831343237373033386466
62383066666264666131343231353434323338373533613336646537636233386365623036326638
39353562306331633531303264666331663731396435616263353731333130333761376566636563
31393930383634656330663035386136663464343833613264653736313463333461383931633064
36333332343062323066656633376562373863666332656465353866313839653231333466326635
61313432326165353637323436393566336261643432356366363366363130376333396638636636
63613136656535653961363436363336396137363833333162343766666435643937633934323336
64613435363636623139343362663263663631363065663630313236326539353266393932336235
36306132313261346664386538313434336439323865646134393535353437636535323865363735
33333161313266343834633630613031646634623861313961666365303037303935393761323761
64396231386461656638616633383736633737646664613833373934643736656262643231626438
61646234343934383261316164613733613165393439373866383436313132363030623564343166
31346365633764333262616535643433366161356433313863333937366330343133393666393337
63653561376361386565626366616366353435383864643661656336326238666239386266666162
36393432626363366562323730313566303336616564323338666565313734636238663533613164
62316566323338623438653933366630346437336365656535363361383766316434663831326466
62643830623931663161353232663938323532653339333765646461366261356130343038373430
39353033323432346664323764376261646166393531383965303533613133633266666462653630
63393264323939383636393366636363363563636234313434633135333065666532386264363832
38353132373636376162613139376263633835626136303137613735353731353366623862343865
31303762333637383863346537623666643262623062313366663963373161383134373437383231
64646330393966666539353662633964383932313166303333316664636135653561613738376166
63653433333637343735643233643233643530356133313836346431363564613539306536653137
32616239643862343963656130313732373839353739386362313737323537616232653364353937
36623832616134393030663432363134306333653861306462386131613830646634393030373734
66313339346466343362613463326264363134636465356232613033356136643831613830646135
30386334656430656133313231656135333332633666346663373664653432313634633735306637
61646666323337313664613039313965616266633363306539313161363533313665613064633365
63613939653730616437353266366561343436613566666338666231613439656531333438366139
62393865303563646539366632323665313135363461343539643832326337623963313934656235
31643966633937373735646265306466326336316631353536326438613034386638323938623531
61383435306537333664303563653437616639646634626661643530613261383136333334323431
30343934343937346636336165343762386166653433313339373839393338666532653138363135
63633030393734653966623638353135616331626665333532326463656335653130316563666565
39353539383066346566613761666265613664636563383637633862656137623834336532633437
66316565333264373137303663663264343166363236333265323031633736386263653331326639
33616534346631376538346364376132656239386165383735663866623163393530666334663633
36316130646237373139353861373037643063613262666263393966373462386438623265633330
65316166626435363436623166616533343764626237393337353164303165643733343931336361
30323833346135383736386339396439396464626632373863363761303433666663323136633135
66306663343663663464393834303332663565633832333936666561366362363537313939396639
65653738656564363339656238636237653161623534613732313462626538343561386431666338
63636338343461636130343339313532316536396132636631396462613437643932643963316463
62323534386230346662613165656662653531626535666530646561373437326134303633656433
33386534363662303737363362666232386165396664363361653831333034373562653433303638
33343464663835333466373439373431613839386161623634323935383464373337343564356264
30376531626164666433656436656261383961613330643264666364613634353435386466363565
34613333623961666538346137633935306433313461303635623430383737393237376533393763
34386365333863333133633236656133376638613436623565666265373739666536323865303137
63656164386134396437383162393833346532333030643263336666396666346434613261373135
65663031643432636264633665656665376534623862373933353431336337356265316232633264
33383462393035353961623533326636313337373265303432336235666465353335636261616162
32656331333038353235393339656364666531663732613136636130623535653262323331633334
30363537653732396137656338303636336461613961313262366435353838646233366635663262
30356134656138623635366566653264323665333261623561363532313365326431636639373861
61613636383039353137346431643265316163383766656364313763336563653239663261393436
61333961626235306439383362656137353433613630623133666639383861656466646336613962
66616636323132653132623862353434393939656436336464653165326263626163646234633730
35626432653931353139333934343663663263346366383036633830373265646338336361346636
39636637366266383639663835623437363233656534646239666533313438656538353363333837
37316466396561643234613039633933333537353066616431643436323035366430396230643434
34396262383536383437363235383763613166333738363566316631653533663332653435333163
65366133373361356634653362376138383436323239623563373632303237323163393833636562
31363564326661653538373763633965383339396266616137346532633439376435656565393039
38643962663631373561646538313665656334633639666435313839333064343765336163353030
62663939343234376431666661636663363630386430323137623334346566373538393165666261
32316634666261633363356434303661373039613838643037333662393737643561353736333639
34356330306130396465333266353064633166316136323836636561656536353738356130616564
66353861646164626363396430336364363866663538313636326539353933623464643635393835
39356434313738363035333161616436646230623166653166333663666138336564303835366666
37616563656361646564666261363436343630373734353837653530376335353462353263663762
63343935643635376132323135346538326566373135343634386161373262663737393139363430
37316164366330373562303664626166313337613936376163633766383266323363303363653466
30343439663362613230326664663732333163316661326435383261333231343336313537653864
66643834336635383166613935626533363334626164386631613734383966323739316433356637
61626630643738336432333534383336386463326638366364626465633264643237356138333736
39326534663736353231626330363136636161396532643130616239353664373137396464383134
63393866333666383566336266623235643563633534343132616230323463636230653332626539
64666237393064356133343362376639363833643232303263643533663063393139376437376366
39326131343435386136376335663466316637323437643837636338386135613066336265393638
30343339353663363139363963353666343361333063646230646361393730626634306439613234
35363436346363356531616463393335643362633765313131353434623738346433646336616432
35386462623364663832663231346163366234623333376436366364356230646239616539616636
31623363626361356265313431643830396565306531653863373561653862376262326437663761
36343661383565336338313035353732633834626363353665323334363436373861353663333161
61396232646234333333663763353030356265633164623462666237626361616236396530366633
38313632643537353638646533636132323334376664653663326639316636343238376364343565
30313238633134623037383164306366306237393765643034666461636530313237376162636164
38356530326239646230653832373233323134323562303030346331626462666532373261613563
34633031666361383165396162356535626131363231623338616164653336323161323132633861
34303037346462656633313935323761643730333730313466633833323938386562363164653137
31366139663434343665646134346536393864303764616231663365623562613530323861633734
63646138316662353233383638656432373164646338626161656566343830653533393834396435
31316465363663373739376163353139323032613165383331646461303038323762613066313463
39363864306332616333393037343039646135346637326334663361666464643939373966343639
62393439356663646264376132306333326531636534383230626661303435633664303437306266
35653165323434396431623661316266643263373161633837613434313162306238383632373131
34666335666161383430613637323366636631373235363962356462643231386662663866626665
63306135316130323363623134343735633766373665616237643934646438383538623565643465
30313561393332633361353030653439386237613139633734353861643333623863616164373162
39646438613131333937623333636661313264393065313434613737373863656334653663613337
31666636656535336539346337626438313536653461316431663361633831343163616439316238
62396263396334353332396132636631343136383864396265353636346230303538613436333263
33323530663735306665633533616166373235306430313966393036366333373430393539353637
63383662393936336139386132373139313062646362613031346463646262633063323566316530
31383864643464353133336131646231333136313132313864623239333830663262336236643631
36313531656434386364373835643835326364373636663031633161363135323031373536353138
33353464346163313338326533653263656361393230623165366434656363326234326435303132
39343837383162643661366263633461623130373635333037613037343164653132353537383764
34363336623531333664393739333239316533306434656662323435306561346361636230306464
61336635383863363734616438346161306265323061363530366464663938613662383262366666
65633862363734306533346134363835323236316162313333343838363236663134363538616564
32663537313839613961326630373361333436303032643839373932363731363765346335356136
36656437633466653661396166386263653265383066643262306630366636616531396662663839
35313536346136653936616464393339613864303734636362333932376361653437393465343837
33316432373063633132643631363237343838626539306464303931656265323339376332613131
65636663656333333237363162333666636166333266333564316362663962626665366333626332
30383661633837393963666337386561626536303363363735333936663535663838616431333732
35353636373434626266316438333238656532306433653338373139626230326666313739626333
62303037326631656365316365383232613038643834323462393165396563326362636137363131
61666433303038393830386266356564346138316361306235366433663664353761633463336236
64623962376430626636653030643137343063363337326330383861303939373333376365383863
32643736636134613665643134653830393238656562663735366433653035643630353033373136
38653833666163386665613264363632346534363432303930616564643936396239666137663533
39653232613861376233396338316564613962396239363039643135316234653766336235613562
31303363343230633134663863343337346136323534343134393432356436373532393536343161
61623739386464353539613465663761613935323834653938393334643930653563373131303635
39663932393366373836386338323630333634376437633536386430313835383234343030396237
39386430323266313561366633653039376538656661656463396363353861393036313832633439
66643435623739393866646635616239303930303234316662396632323465383835316134313331
37366130636136333761396139343139396561373730666361396132663933366561616437653636
38386237653734333365663031383464303239356161663365336633646364306634326536303363
33393039303063373436626339383634336463643432353139653261333031343939376561303362
35656561363162323038626338353066666435333537363932633733373837653832383538353836
33663461393934393736373138333164623235666538396535396432303335383862373038363634
32363061323432306366636562643766393162376638373438613462303333613563623936333536
36333738333261653238386262326435313330636263363063663465333332643234336663393461
31383862623533633037666663383132393931383637616438616262626539643437636662386564
32326361313463393730636166303836643763303639346465646433356235633066646432386632
61623738386435663231303065643930626363636432323437666332633461383266393566303638
38623034303362633133353266356363353861663763343136653638613932363966633337333865
62316332356138666365336566616664323339373137383662356230366462653963386662333631
62623634373832373061393136353238373737313532343138646434383435353863613137303330
37336633623765616335363366663662303037633564623738356266336339613638333734396264
63373164363062646432326330346532333934383839353665383933343239663037313364326337
32623336346462386166353332626635363234653436316134346561633837636664656633303739
30663431643230666339643034353165373963383634383563323430626464636266313764336635
37316431663833656665653666363662613737323432663130303938366262323938616361313962
62333863373366633733346561623337346364363530343063333036393831383231353032363561
32336638616363626237636534316364333938643337396431346663656239633533636162396533
63383835333763393762666364656264643837613663656532626534623134613435663636343633
64303361383131633039333966363465643737353032616361323739396537636530613331383361
63643331316464303765623262346162643463353633623862353832653236323263386534383561
37363239326563303030373236306437353636353839626161393131626666313638356633353035
35356635373063303231353333316132363139363434326139323132343465623262613935313037
61666238346232393534303364363036363038313064393235653635303539393263623037633233
66373033343162343866383666306132663865383565393831343833306137373331313533393864
63336538663734613766633536633537316137656633613130336666613966363732393138653962
38636535643236653435393931653837356234383366333962366531626131303761653264373133
30633966643262313034313533356134653362336264646666623132613262303230343364653962
33613165346337663030333236313538643338636632663433376535303337396432643138313437
35303430623830653762653139333566306635333161316134643463653064633466636563613364
64613836393162343237623464336230336464623332643032306161353361666235356338666263
38613435646662653161636132393034643034336137633063316537616632333931313337346339
30323931613634613331316261383365373165636530623536373831353162323861353938316637
66313162316661646331326533636636363338353336343232376233646261383664643962653936
31326435623062383039646665616638393537656262313063646461613166383130326330303964
31303336326263626639616434316266643834623666653633306462346463653136643262663030
64633939343136626630393166336137613166346264313235623531643332626333663064363837
32616262383562633230326338323231323262616366636335636431623131643161383731386133
33366431316630653339346638616232313530313566656237366136373236383539623130636631
66386566323432346636666333306261383765366535326338393335323564336166353532373666
66316161356138383266393231396531303137666330343765623264383437646363313534313061
32653935323037393563663433623631396462393132623832323936643561663864333438313539
39636262313930343963643363356630316430383439393264633134343031613462616335383135
38396463363835333834663539353233333036363664333839386137313532396232373766373964
31346631653931363731353936336336306335636163376566393237313966656334633863393435
33326530336431363238616236663839303531643866336338346639303936373039666334333837
66656366356633656431633036386538653033343332356166633534633537323030393032666338
63336464306132356337653335386537666564363639306139353635316631623666316464633430
64656363646632626337653031303231666266386334366231366632333131386231353636353761
63636130653532323033343631383937633965323634343163336431336464316637646263323130
62376537393030623537613238343366343862653433396463373539643239643534633530316461
61643762343366303964613065323430303233373662653563663138396230323162383333666633
38393037373335653630386561356464343464386139613163373633306436353761306233373466
66643264363030653530663536343130616133633462373933333964616334383337613665626664
34326664366234313031623062616638353561313432663261323130396166386362373034623264
33343038353137386463626232623237323939386461396265646665353334306635373735363533
37663661306235313931353831623739366663393237313064303364633031313264656133663136
35633165333333666364316434363630306262346233313837663066373066666132636537643834
37326238633964306331363136643430306135633930303133633638643432343936663865373062
64303262326631666633333138393361646462313932356536633230323730633166343262306531
37626666636662633863373639316633613262366662346361393031663233393531343062653234
30643133623032333866386461623534666534323063653430306162373439323630363137366265
37643462353739393866313734396137663832363234383131643265663230336663303333353232
37653735336466616234316430666631343263383032333563626433623263313338373438643636
65663433613037313533666430623130616436663130383432393732643835663335316566646231
39346334396136323439363433313032356663636336613339303333653339633132383031646361
33323435343666623233653737353565383335363334393564346535336536326464663261373437
36353434393966313937323433353330346431316438653435383761623935636634643432383365
35373535323464613066373333393034383931326531306637643362343637633466333966646433
39336163316365393238376531366139303730633534623263653932306235393566366661646362
65343231373466343364376334616464363437373732353864303137343265613563626161353537
66373532666635646432616539613062616365646262336134393362363865356333346339346230
31383939323664346636613935353338303864363539366131623034346631333665343330646130
61613131666433653663353063396138613864386530663237613536653636346335323964633764
30646637396663656138656330383930383932336530303430393739323934383862366263333031
61643332366161653661356238613632343164666331373332656438366531303732373264626238
36656634396539333437306338626534386331306463613031613466373934356631663261653264
31343962346530373162366464643838346561313932313535623534646631633539643465333763
34373862656364643039393831663938626534383137336631613164653666303934336232633236
61306536646664366335653239633434396362343631396266313834656263373339386330316463
38303331376264383130653062356132353434666566393363313035393364666466323139353238
61316432333734656134313566396332636133386566656133333864373635396133616435393963
63336663653235356264353537633731356137366461373761626135303366623766323436363962
31326636636661373230383062356365636535366563643637636361353165313861363739633939
33643465373066316432326462326638333234323261633861373630353865633636376665343836
64643333313032386532393263383038646231653333343166666465303431623634313234663462
32633736383636666636393835653236323733633032323461616335346331333234666363646361
38383734666239343965323366653265666366393536326433626536613039366461653064383836
61396164373034333862633139363962393961323864663636333237303333356632363738653666
35353531376261373164663965353766323736386536333632383238643363303132333037373264
33623562346666626339343365633466393562323637653730613234353930393332373665643235
33633236326436316566623064646364636531393937626361653238393032626630336163333632
62633433306464366133643463386232653639353263383833653564343661333438336134333232
31373333653464313563316133323230333930333963613265666432353062383762333532396236
39663937656662613964633435613239666638333264353039316438363930333933656661633330
66363736356437643964353331343562663466636131396536373232313139353563663163386561
35643066323039303836386139383831343561353837656663383962383230396566663466663464
62326261666639663266336434313964356461313262393338363361343661396535643934663131
34663166353661663162346135663038663936653561353235626333343638383662613166653335
35653230616662316538613531393637633565326630383866656639383264356162303639376233
39313764303564323463646232366438616330363865353764376465616537363931353166613930
62383837343633343532643663333939633061623238633938323365366639653533343835323062
35313534373533663731656231663232306436353438636438363434386663616566656535333030
36323061323663303362666132653066636237393266396636303163613366393464343233333333
30363030313163313538356139326137633634373738666138623636656466643166373235653030
39616366363566343934666238323730373138663534383237316636383663393464356166333530
35666235303066393032303032616464366564656464616132366637326130376434313039316665
34353230666630663636323363636530313732356231366562326464663262613162656332303064
66373263363331366233653032303339663030343362336432353639343737343632396233396536
35333165386435616362316164643033383764393436353537363035663766396637356531383333
31336266333031373137366534383464653463646534303863363765313338666133303637323135
37366639656264313236316233666432356534373863343539623231663235346466373463383863
38373161613761313235353165623034396464353164306130633830343664653237626438376138
64366439373035626563376338376565363164353938616165336636626335333561316664333839
31343063386235656361643333336339313264623462326231333865316534663065663437666534
39333466613261323861316337623136353063346235313962616538383832386336616537306634
38313164633238663630633461656564613330353036323439393465313137373831393633386462
61363738316332353262393366353936326366346662326133343533613433363833626563623634
36613130396234663033316164666431366563313034323836323430326337353032663165346338
39313331386138353335613733336563653739613438323032333161303864376432636636373938
66373433613762623933343039346135623533626232376534333539303330383263336132383933
34316566613766646337666162343062363536326464393161356531636437633964356363383736
31653533636335396161373536653137306164623162613739623834373235666466383739366464
30306263333762623665363231623235316235623736656365323865376239373835646663313739
35393163333434353633353036306333666634633230353635313438666438646562653136613931
64316234663638343632666362323765336530316262363930653938316362616432643336343938
30323130396332613137326561653439363731633262663262623862613236343539306364323539
31616135393261316536353838303166646134636334663333386139326533393233333266626366
61663666653832666331363436616337373661643861656131623563323635343765623362386562
32306438656138366637383732666366326231663531343135373131626330323439363936396664
30666365306332653763353463386538643637623864393636326232333766643961353837663337
35343065393436353364666534303236366437373231323163626136353564636235326535316265
38646435306639623064623631656535343433366563656138633537663133303534363763636562
33663439626634633663616339646231666339633033383061633033343737386637333932323861
32373863346430313332346564356562393961376437373666623132343761386564623266333130
32663938633865633761666166366461666638353865633233343431333937383039373863646531
31646361646133326364353963306336336633653934663837343136393164323733323866363831
34373034343837623931386464373863383732303763613564636530663235383965393661346531
35633230346132366131353739613762313539393731666334306337623162663032626232653137
63623735366630316362396463393934643334626437323035326336623431346536643866383538
36313632393462666532353961363531306263656163643536313132326130356239343462393939
30396639323766636538386332393132383433313231636632373332616366656333666365616634
66366331303931343963326464303735643838353536393334643663373362653661316530323364
38313462306434313431373433323063383337336562636231346436376434313464666261386236
35373965663735626666303162326238396535356563396330366263353931346536303333316530
31363562316534616230636535316164373734623964366133366434303866373066656666656430
65396661396631363234653365363733366463313961623661336535663132376239363463346263
63386433643232613136363066336237636533373564663938353537656239616332613636333932
61356464363962636239633535663834343666306165643435316331623837633339663562623766
63383263336437623531313066616663373030353330666330373130313964653162633834613565
31393831633965636438643061333764653134616634643335616630376636613937373963613637
35376165316531303666333031633639386331373465323565626236366565616264633839383362
64343065313836626162643035396364353433636566376434633661316338636630306161303732
37353563643863353562663936383335646432653334613939323965653332373034663939326361
39633062643832333831623664303530383634353263386163656535396237666339316137393138
62303735383563303034383664323363633365313434643034336664653033666136633232323934
37343937366166306263653665613961333961336538303765636337373361363766613761383861
36383735306263316334643330363533616333666231633036666237313235343534393236393737
65666636623239663532363361383338326233393530636465363765366631323263313230303034
34363937626434356433356330653366313538643962623734613433643062346136643363386636
35663133323264326465396437343332393563656639653565343562306539633466383434313566
35616462636161353133373538363362346438366264353831383633313161643638313430633139
33633036653864333731326130643062366133626265363766336238646436343838343636376139
64656237653935336538363732613639366662363638363962323134363365393534326137623934
65373165636263323439323863616663663032356231303063633432393234343536616132646532
36306662666231393733666234663766653866313233616632396434326462323162396566326334
35386363616439313834316335396330613837613135346132303663366131353737323266326261
61303036323162376334636334363565653666353136633331346238633532303134666335323330
31633463313765363432633163353861346364623565666632386563363761363663623332653839
61616536616362323036313631366161363966336336636533366362363934393966613536613266
63306231363864306365336134633664613334386132666534326163633131643664386634333762
37333361323436343233646661636333316530616231326139316230616661653335323061376364
30303163353763303762623035383763323235333234326130306131663833383061323033666336
62313461646666306462373437653465393430363537663238333838396537393331633831643563
63643039653038353036373465643937376564666264656566373536393762323736306465303861
31356338616464653866656333636531313666313962323965353933626563313432323561656135
33353763626562353935643762393039393263366433313863383533323364386635613238376136
66356166613537626534313430636331346561643235633262376138383630626463633233626339
33636236633462386662646665333362323934346135653739646362366138393534636538396239
32373064383730313739616430373363356365383230623833626435313765333438636134363938
62636636383764323961633834643132356138386139323464303764306563613234383561336534
63646337346163616530373431363065396465646361316130346235396261346562363433373837
61653634346439353238643132333934383931393630313938643165366530373764646566303837
33336363303662323563303132643732333238376632356637343361623663336433366434373931
63356234323562366464336234643266333737326632646461383865346532333361386135653465
31366333323063613637653761393537643839303437366132656262373533396362353938633465
62643137653466323637376464643266376235373866653462633334353866303865393433636533
35653931396131656661346662316536393964643439663839333364613933386265373634326363
38326334653434613533633230336630666164323731353163646633396234346664306138343231
64393134623838316235383930333763383865626139353034333534353336663463613535336665
62366664346136393838633432623531326136336537343536303761353965303339346364316133
32373730666635323638313537353132663638393630326435643034636666353539396466303730
35653165313135633732656466383436633937636532333736656161656638343235363933373665
34386638313731396330653762346461316561633736636466646463626336313934616164346631
36346239666335643833633031656361623963316366343862313762333634306437383664386635
61323232666231646133313432376639626230343065363561336463343537633061306432363334
32373165353733343737363462373564323630356435323934313035393533306534383230656336
65653336313937643866336264343161663366636437346633343632363436616339316433333766
32653933373965373931633931383731386562323365653331393561376239626233666535633639
35323939373362316535376230623637373835353434343738303931623738626662326531653933
63623939343063363062383538396463663965393762386533343936376230646331333966626662
36623336613461366535666566373631393336643532336165376661303863316437333430653865
61646132643664373733633832313464653539333661393865373234613165313839666663323036
35663833363532333139313237643137323631376236643163303638633862653233636264316661
38363737333661646362616237373339303838303632373361326365656336336337343265353637
63663564306661303966636664386265363233326566326136643862376262633234623762323330
34346236343939613333656263336135323564383931336662633961396461613434376162653861
63396333373230646339636132316136323864333338383062373461376538316239643335323936
61643935396332396566363635313732326464343335373461346461363966323938396339643933
66353836613235613239313334376261626662346166306531396439643631303630653735326231
61363731653761383863393637663838363936393266623465376133653766393236333866376363
65353063323730313930343863353230666234373338623762396530333362663866383431656132
61313835376639343639386461313161396661363034356438653864316632646263306533336530
38343036353063303462313764666533396231666262353331666432396534303739363831343462
33383239323761396664396233313834323866346563373437643734363731313565633936303365
64623435343236336366343836396666316463666331666366613132383261383932366430396562
38343663373865313230666461633736643261656164626130313565313265323737353535616235
63343664313364666135393839343232666262663662633538373233333962623933333132626161
38346161346234336236303061376365366633353330353933616164353965353138613837333937
63613938323864316234346439373839353038313863336561643831363531343539303166303737
38386139336633336239653636363835313964333931623130393864646261663061356335613166
35383364653238656464323433363364616637623637373835663335643066643232646530333634
39633166613165376238636462396237323062656234376537646136613364356263643163666132
61623133666466346362363163383133613034386533383264343235633637373963613861653765
35626530643635363030366262623737373738333631393135323831636461386161643335343836
31346662356534623931333739333736323364336637343632356463343133376435323134616130
61636436333238306430393033313231633763643465633237636535613833343637663736346162
63303265636432613536333665333462316134313230396437643634346434306236663066363637
33343830333564663862313231326136386239383065343032363463343965363233613137643832
61633566393836336363313233333038313330383762383834393433616366363832306530353236
62623037346563656261323131666330353630643631653064386338323231626235633532646231
65366162383766633838663562623966373734343566323136333937383233356432656238643862
39393965626331363532346264303161356561626265383232633362363334373163313763346636
61383136663237336463383162383530383435376361356431656566623037643166343165666563
63366631323830383836323334663134666532633765343631373061383432343336353062393533
37666633373139666562316539613034653137356534363536336330643833373661366166626463
39653134393063356436323138633831396361356537333735336238323666343362326434346664
65396262386334616136386566383936356139323439626530613662613565663631633532346230
64663137613430326565373232656331633665383535613138636337306466623838663936323761
30316565633863386437363036346362633932343831626531343062386562656435616663636136
65613432633034313734666438343036613738303835303338323232633439303336653433376537
65326565396237633831623332303164313035393039643434616539373035343261373064333531
35653236326539643464346361356135613030316363656231656462346239323437326533336539
36656166326464633034373233643835353633396637383432393763356130626363623935663633
63336462633562356137656330663434333666396238323565316631333130326464333038373965
62323633643162373632313234383237306339633530323662383761353364623163633338326663
62333237613065666462346235623862346337633762333631333431366163623061663233376434
38666564653434326364343962663134366133363930396633633938306532363932313236366230
33336431393764613234363538396463616165363437303832356665323763316662613937656566
62316632393963623838633065316633303133633536653262633630643539666632336633653464
38306533363639643832373663353931646438616634623435393134656230663261393336306432
35326263363664366264306431326365303564663239326233303830653234323762333833623865
39303563363363353034653964663835656565323035386161306533303932633039356461346435
37383939376335653461363461313532666262356634323261366633613337666661346337373363
39636264653065386135626434623438386431656465313765663734353631336461356466313335
33383462333739376364353638666233323433363463646463353735393630613766313461663932
38363738663263393635366431346561373461656435626530643138653665356166383737643435
31653164356232336161323439383961373437346233653034643537353631646363663562623837
37666466646666376663376666616566303161626230326366333163313061653936393332623162
62643263396166373131653466653532343764363764653361336465316262383766623161393464
30616661366433373038373235626632366435393063643230346131396634343666383237613362
64366461346563343230366163613932366262353131363333386363396133323936373063353530
32396263633638336630323030336534303932393938646565623661346464376565656463313737
39623736326533326438656661363432333261636134623339666365386534323331386531633433
36626131363535613663333163333366333938393666316134366538313231353633396330313130
63393932356162343735356631663963666365326236363764393333303939313831616333363132
30366336366537353465643637373266336337323537633463323561356434396634393030366135
37316566643932663661356566356134343938373366643064356434623830366161646439356363
64336432353166376562633130376434663436383137653630306437353832633937643862656631
34623332623639393132623835386530343630653662623035646563636438313939643166663936
33363762383462313261333430663935613861316266336162666565376261326362313639643330
61666630373935326334663337376339373833396531653866306564323165333161373230323936
36306630653139366431653033363932356336363162306337356164366631646632663338373964
61393034343266376161666466373965613130343161333336653137303961376638376363356432
31636439623162313235313433386134313937633638626261373164316237363635373831323734
64613966333766613564303838393930656532656164396538386261356434336265653035306335
38633431636431623561366465353533646461383233386565363337323736626462323939306165
66646238336234383038373466326531313134306433663061646134646434636236663739636665
30383134363032313466393239303962333238323165353866323833333033366638666139343165
37333730653135333837363934636534356437393365376330363061363231623830663835323437
31356232653730303731396336333234353539623964373935366665653432303036623465336633
65383130663035613235356233323536353336666265333731346436623932653333303932656265
31383762323235336635383337616330663134373038616439353235656539663331623433643830
30333061363466366536663865646566306437643536626432653337373536653834313830326333
61636365393932366631653964616662623836373230383930643331633864303434303439333834
39356533333739383361343431323237393638626131343630623166333862333530393137316137
62636430303438663932393331383064633465653539376237646464366464313762663764346439
38613630326636363532323766313737303032363762303935346136366561656134353035363431
36326637336564323133323237653739383136666166646531393830663933363938663134303965
36316131346234663539333633656332383137653537353661373238366438653738373837643866
65636330643265313861626336396138343837643061313932653665656662303465646261306636
34333034326435633565653335313665393063666665393632306366326166623337636664376561
34383932383862313565353763663366653931353536376430643431373635313166383338653138
38636338316431386639396135653938393036353965666562623931613734363962323266646439
34643466613765386361333439343461356335393364643537613933643635663235333265393032
61343437653563393564326561313962653130323633373835313034383731373238326531363366
65663765613865643432366233316134363061383762353731616364656130396635373465313562
65326130346632613430633738323438623231343465653663386638373363373433396462346162
34633663356431646465326139376536633166643831663335316130663064346363366662616665
39653234333635393532316637323963663637333831383738346635663064363761623436343033
33383161653836323564656230353139633962343733333365613637623637353031356232326561
31346164396662646462623238343562393364356265363333303235373330366666613539393739
31656165306239656166333762613039363031363336333138393966393132653965363561653634
34616438396633613464313636353366333239363735336334653039636334303661343432343333
36373165653362616265613536316337343637656136383138303831343165353834326136376261
62633861366232303834363231316636663764653637333837663239313831393532363364353134
36373961356164613934386263353738313834366234633330376633353339663262663266663936
37646433366137653265353062663163393063353532616235343936653831633866303362386333
34613462643935303366323366613863623562663534326139613937373839393763636363313564
33646133343664366439663135343234623666663135326638313636356464366663663266653236
32313335396662386633373464643139613832613861643531323932343837326230346362323764
35373035353036383931663361616635666564643336616265666335373138643264386263396564
62356262373033333838653161376639656666633063623031666563663834633930393864353365
61666463613766656563393739323766313134653636623737353834366530663830346465383165
31613735393362363430636564333563323464353337373936343733633130626266363439323739
37333131323332306132646631393431363237353964313865623135386665376161346239363539
32653832616233633965353131663964376166316231376366343264313531366631656234326234
36346435323663333838623037333333613736663366316139626332663363396566333864373766
35323438653962333835626336363538656137343533623761373262386264336663306237343661
61366530616666663933316662303238343765326163623465663231326138366361306364656231
30383138383732333066653135633934383736316465366436656533393235643730656363323162
33353035393534353438316633646332396264373265633164303438333064623065353131613664
66326436336461313738646262396138663037336434386534373538653233666365643838306265
30306535333863656138666464326466336466353232393964386363653139383030363237393730
66636334643538633539373062316161333465363730396133366663356632366131376265343461
64643636663936666530323438643931633331356465386439323133386361343739373639353930
65373761313865636634366332666234663532313933626537616435303837303830396538313135
62383664346232396634616536366636653230373838306565316335393031666530323363316265
38666538666162386337346630653336316166613034373432323434613639663634643830363563
34353730386339313462646537356661663564313165653732343832626534643565356634363766
37623639333636366566386264303431663539663063663135323339316432313863623230313964
31633763346438333533313462316530343263323366313163373461666663626565313537396436
37653033643037663836393837316433366231666163373164373930646465323063393437343334
33666336336261326564613261653635626666643266356331643638666461306263643230623939
37646165663431613235643337313034666232336332626435646137663135336135353133616532
66316439353266353563376162376361323834386336616362303530346338396139363835313862
63616461326565643236653334663430383136376564313130626230383631336234303237346630
65303265626663633235636132636134646330333163653065306335653335316364663531313536
62366463343037306564383938616434326161363834616431373163366333373131663839306461
38356462313265353064623037353939363534343230303732386630383333613362663936373762
63356366643731663532643530616136346265656532633962663733363038623638613437653136
62396261356339626234646465313239313063356139346232386164623634353562383930343835
33643166363431326639396437396236343230663961333534623436396638663861306563623439
32623039653436666132616165653532386439356533373865353433323739363934373334343433
65353162393533323432353837323764306366633239356262386133656364346264346438313030
38356364373964623535343966336362353036383138303133333962646136353433666232633630
61363236636434333134376333663165646431373162313037643161666532396462303737313033
66313531616434633534626261373531383034356133306433333233633934383738356434383136
62303838663033656534643965623861663663643333323964353437326238626534393837333130
66383233333832633536303734343237653235373639336564633036343430613235393534313665
61393734653238316166303533616633376637333737356166323836353632333838386336393935
30393863656233613437613362303732346666363930393732313665653435373838306132633433
31643664343235353738356231663830666335636461383737353061653432343263326266393837
33316336343261373765326233303034336335636337653032323564333263303636343238643334
63393664616366333838336661373265616436333836373864373435383030303331393561613937
65343338386663623062623936626264313266323537396239383636656331613836373134393730
39346164396338626632363733623061396335633738346433363131336365393633346264333437
61383139356130376334363533323163623163633365333464656632663962313164656433383462
64616163386337396432313761376239363866366333376232396231373836663631363135376131
64376135313632373335366662653430636564656630316335396461383432323230343862633430
36333430613962333733383339313161663537313535626431613638613838356639376334393633
64653132366661306539626461323230393233663064636132323437306633653962383837326134
61336265616335653130613764653465373334656138616136663235326363326661636266656330
39333661303934303135383461326166373366366232333633663735336664343536653163353532
33616230393933336431633162383238353838393738366235626561393036636434626636323631
38393965376432383461363265663165623534313565353439393534383161356163336532336239
39363261383339356330613762323832366131346162643334343164363836306166663536373162
61386339306466363635656630333165356665356430363961373439353162333562393033346632
33653564313261653733366430313562313335656634323462613439343135306461663436306630
64396263323637363133313930363339303039313237373530653234323962333139623363303030
33663464353364353264613361643232623932326465383135623464343139626431653930303037
35366234343165663438336465623539326339303136333762633336666433336233356137336134
36383463623261393033373730316236323630343963316334663162643333393537383036336533
65386531623237336261313862333731616237353164666334313962313866636665636561343166
66653135646266396332323534363830626530633365333466623833313733393631306434666533
31663366623639633166613966366366633231373366646231326238383361643833353766636533
32646331613231643361373930383666343162373862323361323232366230356234643264633033
63663465346163323961363066346130666463393430393066633939613864353363393762396364
64613933383635396130373830613465663530626634313539303966343636643431356635396535
31613234653864636163663564663636636361326163333234666465656339373833393337343062
65353633613836306461613035353062323162303263623164663961636234386163396334633565
36623861353363663037646164343765396264643930633133383061393365333830386265653165
30626466623765343338346232633965653135623336633335383233626465616330343261313631
64333864633034643137633039623866653834643233313637346261343765336262363938666162
63613666396130306330663331396635363962326136623734333435656265666332363064643136
66666630363537633033626131313166333530613461373431626362336433363233633564393763
66346461393532636130653066323338643531383333613536376439613031643137306565386530
34313836373931643334623330376161386339663464616362393066626631313938616338303266
63376436313363356463623766356233333438383533643933373531623133663139633831326364
35613766613961626164323338313337386336626437633663303639333931663330373632623933
38643865343734616463396162663263373464626632306461346634366639623463386235383937
32666365623363643532316461353930656337373564656362376164623966323832333936353536
63366432343933336264303166393638366232653461343765643365383835313433653830613264
36383762643235353765353034653735393862333865333937633364623336643439303432363931
38613162313739633465363732313232393265346533653934333637356533653638376339306262
33336331613138626466313263346163613564393430366162366136356135646462303435626465
31646163633436653430623763313538623935396330326630343530653966626634386639613364
31356334363561373366373865626263393862323931323562336464616433626562303566303035
30616461623039653935326238323933626330653930393261393932633930356166663531306337
34393230663961363335356239633566643430346465343734633534643862303130663139643736
31336231356163366635346465376334316364393766653566343039633137373665373063306530
61643430636562633934363032653735343133316464643835626633346537623536663831383330
38646264626333613432373266353737373030323266313365383931366265363732333365366162
65383437336266363030303761346434623436386431363130376538393038663439643266613134
35373763636562376230646137636139316163383136313635636264643736353439333439376265
62383131326566653637376433623338653433386339623436373638323934613337343135363361
36303835326535356566373637343535306639346266303539323638396263343630323635326265
36383161663838633763353462316663366435633763393435633033343464633732313365313830
30656438636633323863376635613034646532353762366639653837636139636461643034613939
62376462396436363239666161383836386166643863623264346163303133336634656333356161
36396235323737646562353463326536356438343136356666306234373463326331366466323366
35373539326563633161393764303131623534646538616466646135636238316332396137343434
61376564336138333532623337353763666236303936666531346635353262333461373365633966
32376365383430633736626434353134343632666431343933323662353164356234376537363631
35623437643964666435383638323934363837313934323661633564313632643335383866393065
37623338396136383039626533313636396531663431666132306466313036633637636632633731
65643364653663316663353933646232663436613361633161653533613839626634613365306436
32366465363564386561343161616266373038323861303236393136353534353665666134326161
66303831346430623133643835383237323364333336383738633566646134363132643362383762
63356131303832303638313537373266353865663735346535643130353762353664656137386434
65306261636635313566666433336264303539633862396235346139343766323831323530616266
36666266613461626336356333336438623931323935336663313065303837316331626437623034
35666134316261353837646664623164313631613666633663626234656161333832313134313563
36653834643537343135373163306231613038356462306137666663616538373531323530383165
66636561333533633064666535643765386237313536376565373935356536343161366637383733
34383336343132393935666434623934636430383635313935663838313439666362323532363937
62646665663133376363343336653365343936636366666531353935326435343963363634373637
36643733386230353034343834353432343464646661343535613831333462353930313931303737
62343461393762313562313436316663636538376662646130373433613639613264346237623662
64636239386430633835653964656636303730636533356431396237343866373164346633363363
32653031393230383065336437353766323037396566313133343362366466626162386335393630
64656464343765336565656536346262396533386234333930333163666263663836663339613633
39656636623932613333626565323838333133373163366431646433303663643937643837313865
33636434343139353064373131373130343366316364353461383837653366393663
